Home,12.5,8.2,4.0
School,15.0,8.5
4.2,7.1
Shop,20.0,14.0,2.5
8.0,9.0
Park,4.0,12.0
Tower,32.5,18.3,45.0
Library,11.2,6.8
2.5,3.5
Station,25.0,10.0,1.2
Cafe,17.4,22.1
6.6,14.8
Bridge,40.0,5.0,8.5
Hospital,9.5,16.0
13.3,2.7
Castle,50.0,42.0,120.0
Museum,18.8,11.4
3.1,19.6
Airport,75.0,30.0,3.0
Hotel,21.5,17.2
9.9,5.5
Forest,5.0,35.0,0.8
Lake,14.0,28.0
22.2,16.1
Factory,44.5,12.5,6.0
Office,19.0,9.0
1.2,4.8
Hill,30.0,45.0,85.0
Market,7.5,13.5
10.4,18.9
Church,16.0,20.0,32.0
Gym,23.0,7.5
5.7,11.3
Warehouse,36.0,15.0,5.5
Cinema,12.8,24.2
17.1,6.4
Monument,27.0,33.0,14.0
Bakery,8.4,10.6
14.6,21.7
Stadium,60.0,25.0,18.0